0 0.000 0.000 -0.000 0.000 -0.011 0.206 -0.045 0.411 -0.100 0.610 -0.177 0.802 -0.273 0.985 -0.389 1.156 -0.523 1.313 -0.673 1.456 -0.838 1.581 -1.015 1.687 -1.203 1.774 -1.399 1.840 -1.601 1.885 -1.806 1.907 -2.013 1.907 -2.219 1.885 -2.421 1.840 -2.617 1.774 -2.804 1.687 -2.982 1.581 -3.146 1.456 -3.296 1.313 -3.430 1.156 -3.546 0.985 -3.643 0.802 -3.720 0.610 -3.775 0.411 -3.809 0.206 -3.820 0.000
1 0.000 0.000 -0.000 0.000 -0.010 0.207 -0.041 0.411 -0.092 0.612 -0.162 0.806 -0.252 0.992 -0.359 1.169 -0.483 1.334 -0.624 1.486 -0.778 1.624 -0.946 1.745 -1.124 1.850 -1.312 1.936 -1.508 2.002 -1.709 2.050 -1.914 2.077 -2.121 2.083 -2.327 2.069 -2.531 2.035 -2.731 1.980 -2.924 1.906 -3.109 1.814 -3.284 1.703 -3.447 1.576 -3.596 1.433 -3.731 1.276 -3.849 1.106 -3.950 0.926 -4.033 0.736 -4.096 0.539
2 0.000 0.000 -0.000 0.000 -0.009 0.207 -0.037 0.412 -0.084 0.613 -0.148 0.810 -0.230 1.000 -0.328 1.182 -0.443 1.354 -0.572 1.515 -0.716 1.664 -0.872 1.799 -1.040 1.920 -1.218 2.025 -1.405 2.113 -1.599 2.185 -1.799 2.238 -2.003 2.274 -2.209 2.290 -2.416 2.288 -2.622 2.268 -2.825 2.229 -3.024 2.172 -3.216 2.097 -3.402 2.005 -3.578 1.897 -3.744 1.773 -3.898 1.635 -4.039 1.484 -4.165 1.320 -4.277 1.146
3 0.000 0.000 -0.000 0.000 -0.008 0.207 -0.034 0.412 -0.075 0.615 -0.133 0.813 -0.207 1.006 -0.297 1.193 -0.401 1.371 -0.519 1.541 -0.651 1.701 -0.795 1.849 -0.951 1.985 -1.117 2.108 -1.293 2.217 -1.477 2.311 -1.668 2.390 -1.865 2.454 -2.067 2.501 -2.271 2.532 -2.478 2.546 -2.684 2.543 -2.890 2.523 -3.094 2.487 -3.294 2.434 -3.489 2.366 -3.678 2.281 -3.859 2.182 -4.032 2.068 -4.195 1.941 -4.347 1.801
4 0.000 0.000 -0.000 0.000 -0.007 0.207 -0.030 0.412 -0.067 0.616 -0.119 0.816 -0.185 1.012 -0.265 1.203 -0.358 1.387 -0.465 1.565 -0.584 1.734 -0.715 1.894 -0.857 2.044 -1.010 2.183 -1.173 2.312 -1.344 2.428 -1.523 2.531 -1.709 2.621 -1.901 2.698 -2.098 2.760 -2.300 2.808 -2.504 2.842 -2.710 2.861 -2.917 2.864 -3.123 2.853 -3.328 2.827 -3.531 2.786 -3.730 2.731 -3.925 2.661 -4.114 2.578 -4.297 2.481
5 0.000 0.000 -0.000 0.000 -0.007 0.207 -0.026 0.413 -0.059 0.617 -0.104 0.819 -0.162 1.017 -0.233 1.212 -0.315 1.402 -0.410 1.586 -0.515 1.763 -0.632 1.934 -0.760 2.097 -0.897 2.252 -1.044 2.397 -1.200 2.533 -1.364 2.659 -1.536 2.774 -1.714 2.879 -1.899 2.971 -2.090 3.052 -2.285 3.121 -2.484 3.177 -2.686 3.221 -2.891 3.252 -3.097 3.269 -3.304 3.274 -3.510 3.266 -3.716 3.244 -3.920 3.210 -4.121 3.162
6 0.000 0.000 -0.000 0.000 -0.006 0.207 -0.022 0.413 -0.050 0.618 -0.089 0.821 -0.139 1.022 -0.200 1.220 -0.271 1.414 -0.353 1.604 -0.445 1.789 -0.547 1.969 -0.658 2.144 -0.779 2.312 -0.908 2.473 -1.047 2.627 -1.193 2.773 -1.347 2.911 -1.508 3.041 -1.676 3.162 -1.850 3.273 -2.031 3.375 -2.216 3.467 -2.406 3.548 -2.600 3.620 -2.798 3.680 -2.999 3.730 -3.202 3.769 -3.407 3.797 -3.613 3.814 -3.820 3.820
7 0.000 0.000 -0.000 0.000 -0.005 0.207 -0.019 0.413 -0.042 0.619 -0.075 0.823 -0.116 1.026 -0.167 1.226 -0.227 1.424 -0.296 1.619 -0.373 1.811 -0.459 1.999 -0.553 2.183 -0.656 2.363 -0.767 2.538 -0.885 2.708 -1.011 2.872 -1.144 3.030 -1.285 3.182 -1.431 3.328 -1.585 3.467 -1.744 3.598 -1.910 3.723 -2.080 3.840 -2.256 3.949 -2.437 4.050 -2.622 4.142 -2.810 4.227 -3.003 4.302 -3.199 4.369 -3.397 4.427
8 0.000 0.000 -0.000 0.000 -0.004 0.207 -0.015 0.413 -0.034 0.619 -0.060 0.825 -0.093 1.029 -0.134 1.232 -0.182 1.433 -0.237 1.632 -0.300 1.829 -0.370 2.024 -0.446 2.216 -0.530 2.406 -0.620 2.592 -0.717 2.775 -0.820 2.954 -0.930 3.129 -1.046 3.300 -1.168 3.467 -1.296 3.630 -1.430 3.787 -1.570 3.940 -1.715 4.088 -1.865 4.230 -2.020 4.367 -2.180 4.498 -2.345 4.623 -2.514 4.742 -2.688 4.855 -2.865 4.962
9 0.000 0.000 -0.000 0.000 -0.003 0.207 -0.011 0.414 -0.025 0.620 -0.045 0.826 -0.070 1.031 -0.101 1.236 -0.137 1.440 -0.179 1.642 -0.226 1.844 -0.278 2.044 -0.337 2.242 -0.400 2.439 -0.469 2.634 -0.543 2.828 -0.622 3.019 -0.706 3.208 -0.795 3.394 -0.890 3.578 -0.989 3.760 -1.094 3.939 -1.203 4.114 -1.316 4.287 -1.435 4.457 -1.558 4.623 -1.685 4.786 -1.817 4.946 -1.953 5.102 -2.093 5.254 -2.238 5.402
10 0.000 0.000 -0.000 0.000 -0.002 0.207 -0.007 0.414 -0.017 0.620 -0.030 0.827 -0.047 1.033 -0.067 1.239 -0.091 1.444 -0.119 1.649 -0.151 1.854 -0.186 2.058 -0.225 2.261 -0.268 2.463 -0.314 2.665 -0.364 2.866 -0.418 3.066 -0.475 3.264 -0.536 3.462 -0.600 3.659 -0.668 3.854 -0.739 4.049 -0.814 4.241 -0.892 4.433 -0.974 4.623 -1.059 4.812 -1.148 4.999 -1.240 5.184 -1.335 5.368 -1.433 5.549 -1.535 5.730
11 0.000 0.000 -0.000 0.000 -0.001 0.207 -0.004 0.414 -0.008 0.621 -0.015 0.827 -0.023 1.034 -0.034 1.241 -0.046 1.447 -0.060 1.654 -0.076 1.860 -0.093 2.066 -0.113 2.272 -0.134 2.478 -0.158 2.683 -0.183 2.889 -0.210 3.094 -0.239 3.299 -0.269 3.503 -0.302 3.708 -0.336 3.912 -0.373 4.115 -0.411 4.319 -0.451 4.522 -0.492 4.725 -0.536 4.927 -0.581 5.129 -0.628 5.330 -0.677 5.531 -0.728 5.732 -0.781 5.932
12 0.000 0.000 -0.000 0.000 -0.000 0.207 -0.000 0.414 -0.000 0.621 -0.000 0.828 -0.000 1.034 -0.000 1.241 -0.000 1.448 -0.000 1.655 -0.000 1.862 -0.000 2.069 -0.000 2.276 -0.000 2.483 -0.000 2.690 -0.000 2.897 -0.000 3.103 -0.000 3.310 -0.000 3.517 -0.000 3.724 -0.000 3.931 -0.000 4.138 -0.000 4.345 -0.000 4.552 -0.000 4.759 -0.000 4.966 -0.000 5.172 -0.000 5.379 -0.000 5.586 -0.000 5.793 -0.000 6.000
13 0.000 0.000 -0.000 0.000 0.001 0.207 0.004 0.414 0.008 0.621 0.015 0.827 0.023 1.034 0.034 1.241 0.046 1.447 0.060 1.654 0.076 1.860 0.093 2.066 0.113 2.272 0.134 2.478 0.158 2.683 0.183 2.889 0.210 3.094 0.239 3.299 0.269 3.503 0.302 3.708 0.336 3.912 0.373 4.115 0.411 4.319 0.451 4.522 0.492 4.725 0.536 4.927 0.581 5.129 0.628 5.330 0.677 5.531 0.728 5.732 0.781 5.932
14 0.000 0.000 -0.000 0.000 0.002 0.207 0.007 0.414 0.017 0.620 0.030 0.827 0.047 1.033 0.067 1.239 0.091 1.444 0.119 1.649 0.151 1.854 0.186 2.058 0.225 2.261 0.268 2.463 0.314 2.665 0.364 2.866 0.418 3.066 0.475 3.264 0.536 3.462 0.600 3.659 0.668 3.854 0.739 4.049 0.814 4.241 0.892 4.433 0.974 4.623 1.059 4.812 1.148 4.999 1.240 5.184 1.335 5.368 1.433 5.549 1.535 5.730
15 0.000 0.000 -0.000 0.000 0.003 0.207 0.011 0.414 0.025 0.620 0.045 0.826 0.070 1.031 0.101 1.236 0.137 1.440 0.179 1.642 0.226 1.844 0.278 2.044 0.337 2.242 0.400 2.439 0.469 2.634 0.543 2.828 0.622 3.019 0.706 3.208 0.795 3.394 0.890 3.578 0.989 3.760 1.094 3.939 1.203 4.114 1.316 4.287 1.435 4.457 1.558 4.623 1.685 4.786 1.817 4.946 1.953 5.102 2.093 5.254 2.238 5.402
16 0.000 0.000 -0.000 0.000 0.004 0.207 0.015 0.413 0.034 0.619 0.060 0.825 0.093 1.029 0.134 1.232 0.182 1.433 0.237 1.632 0.300 1.829 0.370 2.024 0.446 2.216 0.530 2.406 0.620 2.592 0.717 2.775 0.820 2.954 0.930 3.129 1.046 3.300 1.168 3.467 1.296 3.630 1.430 3.787 1.570 3.940 1.715 4.088 1.865 4.230 2.020 4.367 2.180 4.498 2.345 4.623 2.514 4.742 2.688 4.855 2.865 4.962
17 0.000 0.000 -0.000 0.000 0.005 0.207 0.019 0.413 0.042 0.619 0.075 0.823 0.116 1.026 0.167 1.226 0.227 1.424 0.296 1.619 0.373 1.811 0.459 1.999 0.553 2.183 0.656 2.363 0.767 2.538 0.885 2.708 1.011 2.872 1.144 3.030 1.285 3.182 1.431 3.328 1.585 3.467 1.744 3.598 1.910 3.723 2.080 3.840 2.256 3.949 2.437 4.050 2.622 4.142 2.810 4.227 3.003 4.302 3.199 4.369 3.397 4.427
18 0.000 0.000 -0.000 0.000 0.006 0.207 0.022 0.413 0.050 0.618 0.089 0.821 0.139 1.022 0.200 1.220 0.271 1.414 0.353 1.604 0.445 1.789 0.547 1.969 0.658 2.144 0.779 2.312 0.908 2.473 1.047 2.627 1.193 2.773 1.347 2.911 1.508 3.041 1.676 3.162 1.850 3.273 2.031 3.375 2.216 3.467 2.406 3.548 2.600 3.620 2.798 3.680 2.999 3.730 3.202 3.769 3.407 3.797 3.613 3.814 3.820 3.820
19 0.000 0.000 -0.000 0.000 0.007 0.207 0.026 0.413 0.059 0.617 0.104 0.819 0.162 1.017 0.233 1.212 0.315 1.402 0.410 1.586 0.515 1.763 0.632 1.934 0.760 2.097 0.897 2.252 1.044 2.397 1.200 2.533 1.364 2.659 1.536 2.774 1.714 2.879 1.899 2.971 2.090 3.052 2.285 3.121 2.484 3.177 2.686 3.221 2.891 3.252 3.097 3.269 3.304 3.274 3.510 3.266 3.716 3.244 3.920 3.210 4.121 3.162
20 0.000 0.000 -0.000 0.000 0.007 0.207 0.030 0.412 0.067 0.616 0.119 0.816 0.185 1.012 0.265 1.203 0.358 1.387 0.465 1.565 0.584 1.734 0.715 1.894 0.857 2.044 1.010 2.183 1.173 2.312 1.344 2.428 1.523 2.531 1.709 2.621 1.901 2.698 2.098 2.760 2.300 2.808 2.504 2.842 2.710 2.861 2.917 2.864 3.123 2.853 3.328 2.827 3.531 2.786 3.730 2.731 3.925 2.661 4.114 2.578 4.297 2.481
21 0.000 0.000 -0.000 0.000 0.008 0.207 0.034 0.412 0.075 0.615 0.133 0.813 0.207 1.006 0.297 1.193 0.401 1.371 0.519 1.541 0.651 1.701 0.795 1.849 0.951 1.985 1.117 2.108 1.293 2.217 1.477 2.311 1.668 2.390 1.865 2.454 2.067 2.501 2.271 2.532 2.478 2.546 2.684 2.543 2.890 2.523 3.094 2.487 3.294 2.434 3.489 2.366 3.678 2.281 3.859 2.182 4.032 2.068 4.195 1.941 4.347 1.801
22 0.000 0.000 -0.000 0.000 0.009 0.207 0.037 0.412 0.084 0.613 0.148 0.810 0.230 1.000 0.328 1.182 0.443 1.354 0.572 1.515 0.716 1.664 0.872 1.799 1.040 1.920 1.218 2.025 1.405 2.113 1.599 2.185 1.799 2.238 2.003 2.274 2.209 2.290 2.416 2.288 2.622 2.268 2.825 2.229 3.024 2.172 3.216 2.097 3.402 2.005 3.578 1.897 3.744 1.773 3.898 1.635 4.039 1.484 4.165 1.320 4.277 1.146
23 0.000 0.000 -0.000 0.000 0.010 0.207 0.041 0.411 0.092 0.612 0.162 0.806 0.252 0.992 0.359 1.169 0.483 1.334 0.624 1.486 0.778 1.624 0.946 1.745 1.124 1.850 1.312 1.936 1.508 2.002 1.709 2.050 1.914 2.077 2.121 2.083 2.327 2.069 2.531 2.035 2.731 1.980 2.924 1.906 3.109 1.814 3.284 1.703 3.447 1.576 3.596 1.433 3.731 1.276 3.849 1.106 3.950 0.926 4.033 0.736 4.096 0.539
24 0.000 0.000 -0.000 0.000 0.011 0.206 0.045 0.411 0.100 0.610 0.177 0.802 0.273 0.985 0.389 1.156 0.523 1.313 0.673 1.456 0.838 1.581 1.015 1.687 1.203 1.774 1.399 1.840 1.601 1.885 1.806 1.907 2.013 1.907 2.219 1.885 2.421 1.840 2.617 1.774 2.804 1.687 2.982 1.581 3.146 1.456 3.296 1.313 3.430 1.156 3.546 0.985 3.643 0.802 3.720 0.610 3.775 0.411 3.809 0.206 3.820 0.000
25 0.000 0.000 -0.000 0.000 -0.000 0.207 -0.000 0.414 -0.000 0.621 -0.000 0.828 -0.000 1.034 -0.000 1.241 -0.000 1.448 -0.000 1.655 -0.000 1.862 -0.000 2.069 -0.000 2.276 -0.000 2.483 -0.000 2.690 -0.000 2.897 -0.000 3.103 -0.000 3.310 -0.000 3.517 -0.000 3.724 -0.000 3.931 -0.000 4.138 -0.000 4.345 -0.000 4.552 -0.000 4.759 -0.000 4.966 -0.000 5.172 -0.000 5.379 -0.000 5.586 -0.000 5.793 -0.000 6.000
